SUDOKU GAME:
	PUZZLE TO SOLVE:

		0 9 0 0 4 0 6 0 2
		0 7 0 6 0 0 0 0 0
		6 1 0 0 0 0 0 8 9
		1 0 0 0 0 0 0 0 0
		0 6 0 8 0 3 0 0 0
		0 4 0 7 1 0 0 0 0
		2 0 0 0 0 8 0 0 4
		0 0 0 0 6 0 0 0 0
		0 3 7 0 2 0 0 5 0

	SOLVED PUZZLE:

		8 9 5 3 4 1 6 7 2
		3 7 2 6 8 9 1 4 5
		6 1 4 2 7 5 3 8 9
		1 2 8 4 9 6 5 3 7
		7 6 9 8 5 3 4 2 1
		5 4 3 7 1 2 9 6 8
		2 5 6 9 3 8 7 1 4
		4 8 1 5 6 7 2 9 3
		9 3 7 1 2 4 8 5 6

Mistakes: 1		Hints: 3
In time 0:59


SUDOKU GAME:
	PUZZLE TO SOLVE:

		0 0 5 3 0 0 8 0 0
		0 0 4 0 7 0 0 0 0
		1 0 0 0 0 0 0 2 0
		0 0 0 0 3 2 0 0 0
		0 0 0 0 9 0 0 5 0
		0 8 0 0 4 0 3 6 0
		0 0 9 0 8 0 2 0 0
		5 0 0 1 0 9 0 0 0
		0 1 0 0 0 7 5 3 0

	SOLVED PUZZLE:

		2 9 5 3 1 4 8 7 6
		3 6 4 2 7 8 1 9 5
		1 7 8 9 5 6 4 2 3
		7 5 6 8 3 2 9 4 1
		4 2 3 6 9 1 7 5 8
		9 8 1 7 4 5 3 6 2
		6 4 9 5 8 3 2 1 7
		5 3 7 1 2 9 6 8 4
		8 1 2 4 6 7 5 3 9

Mistakes: 0		Hints: 0
In time 0:5


SUDOKU GAME:
	PUZZLE TO SOLVE:

		0 0 0 0 5 6 0 0 0
		0 0 0 0 0 0 4 0 3
		0 3 0 0 0 0 0 9 0
		3 4 0 6 0 7 0 0 5
		0 0 0 0 0 0 9 0 6
		0 0 0 1 0 5 0 3 0
		0 5 0 0 2 0 6 0 0
		1 0 0 0 0 3 0 4 0
		6 9 0 8 0 0 0 0 0
SUDOKU GAME:
	PUZZLE TO SOLVE:

		0 0 3 9 0 7 0 2 0
		0 0 9 0 0 0 4 0 0
		0 0 7 4 6 0 0 0 0
		4 3 0 6 0 0 0 1 0
		0 0 0 0 5 2 6 0 0
		0 0 0 0 0 8 0 7 0
		0 6 5 0 0 0 0 0 8
		2 0 0 0 0 0 0 0 0
		0 0 4 2 0 0 0 0 6

	SOLVED PUZZLE:

		6 4 3 9 8 7 5 2 1
		1 8 9 5 2 3 4 6 7
		5 2 7 4 6 1 9 8 3
		4 3 2 6 7 9 8 1 5
		7 1 8 3 5 2 6 4 9
		9 5 6 1 4 8 3 7 2
		3 6 5 7 1 4 2 9 8
		2 9 1 8 3 6 7 5 4
		8 7 4 2 9 5 1 3 6

Mistakes: 0		Hints: 0
In time 0:2


SUDOKU GAME:
	PUZZLE TO SOLVE:

		0 4 1 0 5 0 3 0 6
		0 0 3 0 0 4 7 0 0
		9 0 0 1 0 0 0 0 0
		0 0 0 0 0 0 5 0 7
		0 5 0 0 0 0 0 6 0
		7 2 0 9 8 0 0 0 1
		0 0 0 0 0 3 0 0 0
		0 0 0 0 1 0 0 0 3
		0 3 5 7 0 0 0 0 0

	SOLVED PUZZLE:

		8 4 1 2 5 7 3 9 6
		5 6 3 8 9 4 7 1 2
		9 7 2 1 3 6 8 4 5
		3 1 9 4 6 2 5 8 7
		4 5 8 3 7 1 2 6 9
		7 2 6 9 8 5 4 3 1
		1 8 7 6 2 3 9 5 4
		2 9 4 5 1 8 6 7 3
		6 3 5 7 4 9 1 2 8

Mistakes: 2		Hints: 5
In time 1:1


SUDOKU GAME:
	PUZZLE TO SOLVE:

		0 0 0 0 5 4 7 8 0
		7 0 0 0 0 8 0 3 0
		0 2 0 0 0 3 4 0 9
		9 6 0 0 0 0 0 0 0
		4 0 0 6 0 0 0 0 5
		0 7 0 0 0 0 0 0 0
		0 0 0 0 3 0 0 7 0
		0 5 0 0 0 1 8 6 0
		0 1 0 0 7 0 0 0 0

	SOLVED PUZZLE:

		6 3 1 9 5 4 7 8 2
		7 4 9 1 2 8 5 3 6
		5 2 8 7 6 3 4 1 9
		9 6 3 5 8 2 1 4 7
		4 8 2 6 1 7 3 9 5
		1 7 5 3 4 9 6 2 8
		8 9 6 4 3 5 2 7 1
		3 5 7 2 9 1 8 6 4
		2 1 4 8 7 6 9 5 3

Mistakes: 3		Hints: 8
In time 0:51


SUDOKU GAME:
	PUZZLE TO SOLVE:

		0 1 0 4 0 0 0 0 0
		4 0 0 5 0 0 0 8 0
		0 0 8 0 0 0 0 0 0
		5 0 3 0 0 0 0 0 0
		1 0 0 0 0 4 0 6 2
		0 0 7 0 2 0 0 0 8
		2 0 0 0 0 0 8 0 0
		0 6 0 0 0 0 9 0 4
		7 0 0 6 4 0 3 2 0
